------------------------------------------------------------------------------------------
                 Euler Method                Taylor Series              Implicit Method   
                   Eq.(2.6)                    Eq.(2.10)                   Eq.(2.18)      
   h          y(4)          y(5)          y(4)          y(5)          y(4)          y(5)  
------------------------------------------------------------------------------------------
 0.500    -0.0003355    -0.0000037     0.0054950     0.0058951    -0.0002578    -0.0000037
 0.200    -0.0003213    -0.0000037     0.0001706     0.0000104    -0.0000443    -0.0000013
 0.100    -0.0002233    -0.0000034     0.0000293     0.0000011    -0.0000112    -0.0000004
 0.050    -0.0001284    -0.0000024     0.0000063     0.0000002    -0.0000028    -0.0000001
 0.020    -0.0000554    -0.0000012     0.0000009     0.0000000    -0.0000004    -0.0000000
 0.010    -0.0000284    -0.0000006     0.0000002     0.0000000    -0.0000001    -0.0000000
 0.005    -0.0000144    -0.0000003     0.0000001     0.0000000    -0.0000000    -0.0000000
 0.002    -0.0000058    -0.0000001     0.0000000     0.0000000    -0.0000000    -0.0000000
 0.001    -0.0000029    -0.0000001     0.0000000     0.0000000    -0.0000000    -0.0000000
------------------------------------------------------------------------------------------
