------------------------------------------------------------------------------------------------------------------------------------
     |               Runge-Kutta 2-order       |               Runge-Kutta 3-order       |               Runge-Kutta 4-order       |
     |                    Eq.(2.22)            |                    Eq.(2.24)            |                    Eq.(2.25)            |
   h |        y(1)          y(3)        Retrun |        y(1)          y(3)        Return |        y(1)          y(3)        Retrun |
------------------------------------------------------------------------------------------------------------------------------------
 0.500    -0.0186400     0.0188808    -1.0810758     0.0044991    -0.0059367     0.5760635    -0.0000363     0.0019665    -0.1503060
 0.200    -0.0023448     0.0014777    -0.0621153     0.0002023    -0.0002464     0.0322459     0.0000007     0.0000271    -0.0013599
 0.100    -0.0005433     0.0002999    -0.0076601     0.0000226    -0.0000256     0.0038648     0.0000001     0.0000014    -0.0000418
 0.050    -0.0001309     0.0000682    -0.0009562     0.0000027    -0.0000029     0.0004771     0.0000000     0.0000001    -0.0000013
 0.020    -0.0000205     0.0000103    -0.0000612     0.0000002    -0.0000002     0.0000304     0.0000000     0.0000000    -0.0000000
 0.010    -0.0000051     0.0000025    -0.0000076     0.0000000    -0.0000000     0.0000038     0.0000000     0.0000000    -0.0000000
 0.005    -0.0000013     0.0000006    -0.0000010     0.0000000    -0.0000000     0.0000005     0.0000000     0.0000000    -0.0000000
 0.002    -0.0000002     0.0000001    -0.0000001     0.0000000    -0.0000000     0.0000000     0.0000000     0.0000000    -0.0000000
 0.001    -0.0000001     0.0000000    -0.0000000     0.0000000    -0.0000000     0.0000000     0.0000000     0.0000000    -0.0000000
------------------------------------------------------------------------------------------------------------------------------------
