------------------------------------------------------------------------------------------
                 Euler Method                Taylor Series              Implicit Method   
                   Eq.(2.6)                    Eq.(2.10)                   Eq.(2.18)      
   h          y(1)          y(3)          y(1)          y(3)          y(1)          y(3)  
------------------------------------------------------------------------------------------
 0.500     0.1434693    -0.0111090    -0.0323119     0.0066601     0.0156916    -0.0017850
 0.200     0.0463308    -0.0065193    -0.0051253     0.0007116     0.0025253    -0.0002551
 0.100     0.0216258    -0.0033179    -0.0012731     0.0001490     0.0006317    -0.0000628
 0.050     0.0104532    -0.0016647    -0.0003171     0.0000341     0.0001579    -0.0000156
 0.020     0.0040979    -0.0006664    -0.0000506     0.0000052     0.0000253    -0.0000025
 0.010     0.0020353    -0.0003333    -0.0000126     0.0000013     0.0000063    -0.0000006
 0.005     0.0010143    -0.0001666    -0.0000032     0.0000003     0.0000016    -0.0000002
 0.002     0.0004049    -0.0000667    -0.0000005     0.0000001     0.0000003    -0.0000000
 0.001     0.0002023    -0.0000333    -0.0000001     0.0000000     0.0000001    -0.0000000
------------------------------------------------------------------------------------------
