
2nd Derivate Single Precision Error Table

----------------------------------------
     h            4-Point        5-Point
----------------------------------------
   0.50000     0.01738548     0.00057167
   0.20000     0.00280237     0.00001448
   0.10000     0.00071174     0.00001383
   0.05000     0.00018722    -0.00000948
   0.02000     0.00015140    -0.00002247
   0.01000     0.00104547     0.00064808
   0.00500     0.00223756     0.00044936
   0.00200     0.02190721     0.01942360
   0.00100     0.12621528     0.15601754
   0.00050     0.12621528     0.06661057
   0.00020     0.84147096    -0.77282155
   0.00010     6.80193615     4.31840897
   0.00005     0.84147096   -28.96085358
   0.00002   149.85310364     0.84147096
   0.00001   596.88800049   298.86468506
----------------------------------------

2nd Derivate Double Precision Error Table

----------------------------------------
     h            4-Point        5-Point
----------------------------------------
   0.50000     0.01738521     0.00057146
   0.20000     0.00280117     0.00001491
   0.10000     0.00070099     0.00000093
   0.05000     0.00017529     0.00000006
   0.02000     0.00002805     0.00000000
   0.01000     0.00000701     0.00000000
   0.00500     0.00000175     0.00000000
   0.00200     0.00000028    -0.00000000
   0.00100     0.00000007     0.00000000
   0.00050     0.00000002     0.00000000
   0.00020     0.00000000     0.00000000
   0.00010     0.00000000     0.00000001
   0.00005     0.00000005     0.00000008
   0.00002    -0.00000007     0.00000013
   0.00001     0.00000076     0.00000085
----------------------------------------
