
                             Euler Method         

----------------------------------------------------------------------
             x       Exact y        Calc y   Error Value   Error Ratio
----------------------------------------------------------------------
     0.1000000     0.9950125     1.0000000     0.0049875     0.0050125
     0.2000000     0.9801987     0.9900000     0.0098013     0.0099993
     0.3000000     0.9559975     0.9702000     0.0142025     0.0148562
     0.4000000     0.9231163     0.9410940     0.0179777     0.0194750
     0.5000000     0.8824969     0.9034502     0.0209533     0.0237432
     0.6000000     0.8352702     0.8582777     0.0230075     0.0275450
     0.7000000     0.7827045     0.8067811     0.0240765     0.0307607
     0.8000000     0.7261490     0.7503064     0.0241574     0.0332678
     0.9000000     0.6669768     0.6902819     0.0233051     0.0349413
     1.0000000     0.6065307     0.6281565     0.0216258     0.0356550
     1.1000000     0.5460744     0.5653409     0.0192664     0.0352817
     1.2000000     0.4867523     0.5031534     0.0164011     0.0336950
     1.3000000     0.4295574     0.4427750     0.0132176     0.0307703
     1.4000000     0.3753111     0.3852142     0.0099031     0.0263864
     1.5000000     0.3246525     0.3312842     0.0066318     0.0204273
     1.6000000     0.2780373     0.2815916     0.0035543     0.0127835
     1.7000000     0.2357461     0.2365369     0.0007909     0.0033547
     1.8000000     0.1978987     0.1963257    -0.0015730    -0.0079487
     1.9000000     0.1644745     0.1609870    -0.0034874    -0.0212034
     2.0000000     0.1353353     0.1303995    -0.0049358    -0.0364708
     2.1000000     0.1102505     0.1043196    -0.0059309    -0.0537950
     2.2000000     0.0889216     0.0824125    -0.0065091    -0.0732008
     2.3000000     0.0710054     0.0642817    -0.0067236    -0.0946917
     2.4000000     0.0561348     0.0494969    -0.0066378    -0.1182480
     2.5000000     0.0439369     0.0376177    -0.0063193    -0.1438257
     2.6000000     0.0340475     0.0282133    -0.0058342    -0.1713549
     2.7000000     0.0261214     0.0208778    -0.0052436    -0.2007396
     2.8000000     0.0198411     0.0152408    -0.0046003    -0.2318569
     2.9000000     0.0149208     0.0109734    -0.0039474    -0.2645578
     3.0000000     0.0111090     0.0077911    -0.0033179    -0.2986678
----------------------------------------------------------------------

 Recursion Value:      0.5398687
 Recursion Error:      0.4601313


                      1th Adams-Bashforth Method  

----------------------------------------------------------------------
             x       Exact y        Calc y   Error Value   Error Ratio
----------------------------------------------------------------------
     0.1000000     0.9950125     1.0000000     0.0049875     0.0050125
     0.2000000     0.9801987     0.9900000     0.0098013     0.0099993
     0.3000000     0.9559975     0.9653000     0.0093025     0.0097307
     0.4000000     0.9231163     0.9317615     0.0086452     0.0093652
     0.5000000     0.8824969     0.8903353     0.0078384     0.0088821
     0.6000000     0.8352702     0.8421954     0.0069252     0.0082909
     0.7000000     0.7827045     0.7886562     0.0059517     0.0076040
     0.8000000     0.7261490     0.7311132     0.0049641     0.0068362
     0.9000000     0.6669768     0.6709825     0.0040057     0.0060058
     1.0000000     0.6065307     0.6096444     0.0031138     0.0051337
     1.1000000     0.5460744     0.5483920     0.0023175     0.0042440
     1.2000000     0.4867523     0.4883895     0.0016373     0.0033636
     1.3000000     0.4295574     0.4306410     0.0010836     0.0025226
     1.4000000     0.3753111     0.3759693     0.0006582     0.0017539
     1.5000000     0.3246525     0.3250074     0.0003550     0.0010934
     1.6000000     0.2780373     0.2781986     0.0001613     0.0005802
     1.7000000     0.2357461     0.2358065     0.0000604     0.0002564
     1.8000000     0.1978987     0.1979317     0.0000330     0.0001670
     1.9000000     0.1644745     0.1645337     0.0000593     0.0003604
     2.0000000     0.1353353     0.1354555     0.0001202     0.0008881
     2.1000000     0.1102505     0.1104495     0.0001990     0.0018051
     2.2000000     0.0889216     0.0892035     0.0002819     0.0031698
     2.3000000     0.0710054     0.0713635     0.0003582     0.0050444
     2.4000000     0.0561348     0.0565555     0.0004207     0.0074950
     2.5000000     0.0439369     0.0444023     0.0004654     0.0105922
     2.6000000     0.0340475     0.0345381     0.0004907     0.0144110
     2.7000000     0.0261214     0.0266185     0.0004971     0.0190315
     2.8000000     0.0198411     0.0203280     0.0004869     0.0245395
     2.9000000     0.0149208     0.0153837     0.0004629     0.0310270
     3.0000000     0.0111090     0.0115377     0.0004287     0.0385931
----------------------------------------------------------------------

 Recursion Value:      0.9587307
 Recursion Error:      0.0412693


                      3th Adams-Bashforth Method  

----------------------------------------------------------------------
             x       Exact y        Calc y   Error Value   Error Ratio
----------------------------------------------------------------------
     0.1000000     0.9950125     1.0000000     0.0049875     0.0050125
     0.2000000     0.9801987     0.9900000     0.0098013     0.0099993
     0.3000000     0.9559975     0.9702000     0.0142025     0.0148562
     0.4000000     0.9231163     0.9410940     0.0179777     0.0194750
     0.5000000     0.8824969     0.8996043     0.0171074     0.0193852
     0.6000000     0.8352702     0.8516188     0.0163486     0.0195728
     0.7000000     0.7827045     0.7979782     0.0152737     0.0195140
     0.8000000     0.7261490     0.7403549     0.0142058     0.0195633
     0.9000000     0.6669768     0.6800347     0.0130579     0.0195778
     1.0000000     0.6065307     0.6184270     0.0118963     0.0196137
     1.1000000     0.5460744     0.5567983     0.0107239     0.0196381
     1.2000000     0.4867523     0.4963245     0.0095723     0.0196656
     1.3000000     0.4295574     0.4380132     0.0084558     0.0196849
     1.4000000     0.3753111     0.3827048     0.0073937     0.0197001
     1.5000000     0.3246525     0.3310499     0.0063975     0.0197056
     1.6000000     0.2780373     0.2835152     0.0054779     0.0197021
     1.7000000     0.2357461     0.2403870     0.0046409     0.0196861
     1.8000000     0.1978987     0.2017889     0.0038902     0.0196576
     1.9000000     0.1644745     0.1677005     0.0032261     0.0196144
     2.0000000     0.1353353     0.1379820     0.0026467     0.0195568
     2.1000000     0.1102505     0.1123986     0.0021481     0.0194837
     2.2000000     0.0889216     0.0906464     0.0017248     0.0193967
     2.3000000     0.0710054     0.0723755     0.0013702     0.0192965
     2.4000000     0.0561348     0.0572118     0.0010770     0.0191863
     2.5000000     0.0439369     0.0447748     0.0008378     0.0190691
     2.6000000     0.0340475     0.0346927     0.0006452     0.0189510
     2.7000000     0.0261214     0.0266135     0.0004921     0.0188380
     2.8000000     0.0198411     0.0202129     0.0003718     0.0187401
     2.9000000     0.0149208     0.0151993     0.0002785     0.0186670
     3.0000000     0.0111090     0.0113160     0.0002070     0.0186341
----------------------------------------------------------------------

 Recursion Value:      0.9055775
 Recursion Error:      0.0944225

