
          Single Precision Error Table

---------------------------------------------------
         Symmetric    Forward   Backward  Symmetric
   h       3-Point    2-Point    2-Point    5-Point
         Eq.(1.3b)  Eq.(1.4a)  Eq.(1.4b)   Eq.(1.5)
---------------------------------------------------
0.50000  -0.022233  -0.228254   0.183789  -0.001093
0.20000  -0.003595  -0.087462   0.080272  -0.000029
0.10000  -0.000900  -0.042938   0.041138  -0.000002
0.05000  -0.000226  -0.021258   0.020806  -0.000001
0.02000  -0.000037  -0.008450   0.008376  -0.000002
0.01000  -0.000010  -0.004212   0.004192  -0.000002
0.00500   0.000002  -0.002096   0.002100   0.000009
0.00200  -0.000001  -0.000821   0.000818  -0.000001
0.00100   0.000014  -0.000344   0.000371   0.000024
0.00050   0.000014  -0.000165   0.000193   0.000044
0.00020   0.000014   0.000014   0.000014  -0.000011
0.00010   0.000014   0.000312  -0.000284   0.000064
0.00005  -0.000284  -0.000284  -0.000284  -0.000582
0.00002   0.000610   0.002100  -0.000880   0.000113
0.00001  -0.000880   0.002100  -0.003860  -0.000880
---------------------------------------------------

          Double Precision Error Table

---------------------------------------------------
         Symmetric    Forward   Backward  Symmetric
   h       3-Point    2-Point    2-Point    5-Point
         Eq.(1.3b)  Eq.(1.4a)  Eq.(1.4b)   Eq.(1.5)
---------------------------------------------------
0.50000  -0.022233  -0.228254   0.183789  -0.001093
0.20000  -0.003595  -0.087462   0.080272  -0.000029
0.10000  -0.000900  -0.042939   0.041138  -0.000002
0.05000  -0.000225  -0.021257   0.020807  -0.000000
0.02000  -0.000036  -0.008450   0.008378  -0.000000
0.01000  -0.000009  -0.004216   0.004198  -0.000000
0.00500  -0.000002  -0.002106   0.002101  -0.000000
0.00200  -0.000000  -0.000842   0.000841  -0.000000
0.00100  -0.000000  -0.000421   0.000421  -0.000000
0.00050  -0.000000  -0.000210   0.000210  -0.000000
0.00020  -0.000000  -0.000084   0.000084  -0.000000
0.00010  -0.000000  -0.000042   0.000042   0.000000
0.00005  -0.000000  -0.000021   0.000021   0.000000
0.00002  -0.000000  -0.000008   0.000008   0.000000
0.00001  -0.000000  -0.000004   0.000004  -0.000000
---------------------------------------------------
